Location: Taipei
discretization:
	temperature: 1
	power: 10
temperature unique data length:  19
powerUsage unique data length:  43 

transactions length:  196
transactions: 
[
(26, 73) ,  (29, 88) ,  (28, 98) ,  (28, 105) ,  (29, 94) ,  (29, 96) ,  (28, 109) ,  (28, 105) , 
(27, 106) ,  (28, 106) ,  (26, 102) ,  (26, 90) ,  (23, 78) ,  (23, 81) ,  (25, 96) ,  (23, 95) , 
(24, 94) ,  (25, 95) ,  (26, 87) ,  (28, 85) ,  (27, 102) ,  (28, 104) ,  (28, 106) ,  (29, 107) , 
(30, 109) ,  (28, 97) ,  (27, 89) ,  (26, 100) ,  (28, 100) ,  (29, 107) ,  (28, 106) ,  (28, 104) , 
(23, 82) ,  (22, 74) ,  (23, 83) ,  (22, 88) ,  (20, 86) ,  (20, 87) ,  (21, 88) ,  (23, 79) , 
(24, 77) ,  (25, 92) ,  (22, 91) ,  (19, 87) ,  (19, 87) ,  (21, 84) ,  (24, 79) ,  (25, 77) , 
(25, 92) ,  (24, 98) ,  (24, 92) ,  (25, 93) ,  (24, 92) ,  (25, 83) ,  (24, 78) ,  (22, 91) , 
(22, 93) ,  (19, 89) ,  (18, 87) ,  (21, 88) ,  (23, 79) ,  (18, 73) ,  (19, 84) ,  (21, 87) , 
(22, 89) ,  (20, 87) ,  (19, 86) ,  (21, 79) ,  (23, 76) ,  (22, 88) ,  (19, 87) ,  (19, 87) , 
(20, 88) ,  (21, 86) ,  (20, 78) ,  (19, 74) ,  (21, 87) ,  (20, 88) ,  (18, 87) ,  (15, 85) , 
(15, 84) ,  (18, 76) ,  (21, 73) ,  (22, 87) ,  (24, 91) ,  (25, 92) ,  (21, 89) ,  (18, 85) , 
(19, 75) ,  (22, 73) ,  (23, 84) ,  (16, 85) ,  (14, 85) ,  (15, 83) ,  (18, 81) ,  (20, 72) , 
(22, 69) ,  (21, 75) ,  (20, 89) ,  (23, 90) ,  (22, 90) ,  (22, 89) ,  (22, 80) ,  (20, 74) , 
(17, 86) ,  (18, 86) ,  (19, 88) ,  (19, 88) ,  (15, 86) ,  (13, 75) ,  (13, 74) ,  (15, 87) , 
(19, 88) ,  (20, 88) ,  (19, 88) ,  (14, 87) ,  (14, 78) ,  (14, 74) ,  (14, 86) ,  (14, 91) , 
(25, 86) ,  (25, 97) ,  (24, 95) ,  (17, 77) ,  (19, 72) ,  (21, 88) ,  (23, 92) ,  (23, 93) , 
(17, 88) ,  (19, 85) ,  (21, 75) ,  (23, 73) ,  (25, 79) ,  (25, 94) ,  (25, 96) ,  (27, 99) , 
(27, 99) ,  (24, 84) ,  (23, 78) ,  (26, 98) ,  (25, 97) ,  (28, 102) ,  (28, 104) ,  (27, 103) , 
(24, 86) ,  (26, 82) ,  (26, 99) ,  (21, 93) ,  (23, 93) ,  (25, 96) ,  (24, 95) ,  (25, 79) , 
(24, 80) ,  (26, 98) ,  (27, 103) ,  (27, 102) ,  (22, 94) ,  (23, 91) ,  (22, 79) ,  (23, 75) , 
(26, 80) ,  (27, 83) ,  (28, 102) ,  (30, 107) ,  (25, 101) ,  (24, 94) ,  (25, 84) ,  (27, 103) , 
(29, 108) ,  (30, 111) ,  (29, 112) ,  (30, 111) ,  (29, 100) ,  (28, 94) ,  (27, 109) ,  (27, 111) , 
(25, 101) ,  (22, 96) ,  (23, 97) ,  (23, 85) ,  (24, 81) ,  (26, 99) ,  (28, 103) ,  (29, 108) , 
(29, 111) ,  (30, 111) ,  (30, 100) ,  (30, 97) ,  (31, 116) ,  (30, 116) ,  (30, 116) ,  (30, 115) , 
(29, 112) ,  (28, 98) ,  (29, 95) ,  (28, 112) ,  ]

Apriori algorithm:
min_support:  0.02
[items],  [ordered_statistics],																			support
[14] , [{u'items_add': [14], u'confidence': 0.030612244897959183, u'lift': 1.0, u'items_base': []}] , 0.030612244898
[15] , [{u'items_add': [15], u'confidence': 0.025510204081632654, u'lift': 1.0, u'items_base': []}] , 0.0255102040816
[18] , [{u'items_add': [18], u'confidence': 0.03571428571428571, u'lift': 1.0, u'items_base': []}] , 0.0357142857143
[19] , [{u'items_add': [19], u'confidence': 0.07653061224489796, u'lift': 1.0, u'items_base': []}] , 0.0765306122449
[20] , [{u'items_add': [20], u'confidence': 0.05102040816326531, u'lift': 1.0, u'items_base': []}] , 0.0510204081633
[21] , [{u'items_add': [21], u'confidence': 0.0663265306122449, u'lift': 1.0, u'items_base': []}] , 0.0663265306122
[22] , [{u'items_add': [22], u'confidence': 0.08163265306122448, u'lift': 1.0, u'items_base': []}] , 0.0816326530612
[23] , [{u'items_add': [23], u'confidence': 0.09693877551020408, u'lift': 1.0, u'items_base': []}] , 0.0969387755102
[24] , [{u'items_add': [24], u'confidence': 0.07653061224489796, u'lift': 1.0, u'items_base': []}] , 0.0765306122449
[25] , [{u'items_add': [25], u'confidence': 0.09693877551020408, u'lift': 1.0, u'items_base': []}] , 0.0969387755102
[26] , [{u'items_add': [26], u'confidence': 0.05612244897959184, u'lift': 1.0, u'items_base': []}] , 0.0561224489796
[27] , [{u'items_add': [27], u'confidence': 0.061224489795918366, u'lift': 1.0, u'items_base': []}] , 0.0612244897959
[28] , [{u'items_add': [28], u'confidence': 0.09693877551020408, u'lift': 1.0, u'items_base': []}] , 0.0969387755102
[29] , [{u'items_add': [29], u'confidence': 0.061224489795918366, u'lift': 1.0, u'items_base': []}] , 0.0612244897959
[30] , [{u'items_add': [30], u'confidence': 0.05102040816326531, u'lift': 1.0, u'items_base': []}] , 0.0510204081633
[73] , [{u'items_add': [73], u'confidence': 0.025510204081632654, u'lift': 1.0, u'items_base': []}] , 0.0255102040816
[74] , [{u'items_add': [74], u'confidence': 0.025510204081632654, u'lift': 1.0, u'items_base': []}] , 0.0255102040816
[75] , [{u'items_add': [75], u'confidence': 0.025510204081632654, u'lift': 1.0, u'items_base': []}] , 0.0255102040816
[78] , [{u'items_add': [78], u'confidence': 0.025510204081632654, u'lift': 1.0, u'items_base': []}] , 0.0255102040816
[79] , [{u'items_add': [79], u'confidence': 0.03571428571428571, u'lift': 1.0, u'items_base': []}] , 0.0357142857143
[83] , [{u'items_add': [83], u'confidence': 0.02040816326530612, u'lift': 1.0, u'items_base': []}] , 0.0204081632653
[84] , [{u'items_add': [84], u'confidence': 0.030612244897959183, u'lift': 1.0, u'items_base': []}] , 0.030612244898
[85] , [{u'items_add': [85], u'confidence': 0.03571428571428571, u'lift': 1.0, u'items_base': []}] , 0.0357142857143
[86] , [{u'items_add': [86], u'confidence': 0.04591836734693878, u'lift': 1.0, u'items_base': []}] , 0.0459183673469
[87] , [{u'items_add': [87], u'confidence': 0.07142857142857142, u'lift': 1.0, u'items_base': []}] , 0.0714285714286
[88] , [{u'items_add': [88], u'confidence': 0.07142857142857142, u'lift': 1.0, u'items_base': []}] , 0.0714285714286
[89] , [{u'items_add': [89], u'confidence': 0.030612244897959183, u'lift': 1.0, u'items_base': []}] , 0.030612244898
[91] , [{u'items_add': [91], u'confidence': 0.025510204081632654, u'lift': 1.0, u'items_base': []}] , 0.0255102040816
[92] , [{u'items_add': [92], u'confidence': 0.030612244897959183, u'lift': 1.0, u'items_base': []}] , 0.030612244898
[93] , [{u'items_add': [93], u'confidence': 0.025510204081632654, u'lift': 1.0, u'items_base': []}] , 0.0255102040816
[94] , [{u'items_add': [94], u'confidence': 0.030612244897959183, u'lift': 1.0, u'items_base': []}] , 0.030612244898
[95] , [{u'items_add': [95], u'confidence': 0.025510204081632654, u'lift': 1.0, u'items_base': []}] , 0.0255102040816
[96] , [{u'items_add': [96], u'confidence': 0.025510204081632654, u'lift': 1.0, u'items_base': []}] , 0.0255102040816
[97] , [{u'items_add': [97], u'confidence': 0.025510204081632654, u'lift': 1.0, u'items_base': []}] , 0.0255102040816
[98] , [{u'items_add': [98], u'confidence': 0.025510204081632654, u'lift': 1.0, u'items_base': []}] , 0.0255102040816
[99] , [{u'items_add': [99], u'confidence': 0.02040816326530612, u'lift': 1.0, u'items_base': []}] , 0.0204081632653
[100] , [{u'items_add': [100], u'confidence': 0.02040816326530612, u'lift': 1.0, u'items_base': []}] , 0.0204081632653
[102] , [{u'items_add': [102], u'confidence': 0.025510204081632654, u'lift': 1.0, u'items_base': []}] , 0.0255102040816
[103] , [{u'items_add': [103], u'confidence': 0.02040816326530612, u'lift': 1.0, u'items_base': []}] , 0.0204081632653
[106] , [{u'items_add': [106], u'confidence': 0.02040816326530612, u'lift': 1.0, u'items_base': []}] , 0.0204081632653
[111] , [{u'items_add': [111], u'confidence': 0.025510204081632654, u'lift': 1.0, u'items_base': []}] , 0.0255102040816
[19, 87] , [{u'items_add': [87], u'confidence': 0.26666666666666666, u'lift': 3.7333333333333334, u'items_base': [19]}, 
			{u'items_add': [19], u'confidence': 0.2857142857142857, u'lift': 3.733333333333333, u'items_base': [87]}] , 0.0204081632653
[19, 88] , [{u'items_add': [88], u'confidence': 0.26666666666666666, u'lift': 3.7333333333333334, u'items_base': [19]}, 
			{u'items_add': [19], u'confidence': 0.2857142857142857, u'lift': 3.733333333333333, u'items_base': [88]}] , 0.0204081632653
