Location: Taipei
discretization:
	temperature: 3
	power: 50
temperature unique data length:  7
powerSupply unique data length:  12 

transactions length:  196
transactions: 
[
(8, 10) ,  (9, 13) ,  (9, 17) ,  (9, 17) ,  (9, 16) ,  (9, 15) ,  (9, 20) ,  (9, 20) , 
(9, 19) ,  (9, 18) ,  (8, 18) ,  (8, 15) ,  (7, 12) ,  (7, 14) ,  (8, 16) ,  (7, 16) , 
(8, 17) ,  (8, 17) ,  (8, 16) ,  (9, 16) ,  (9, 19) ,  (9, 18) ,  (9, 19) ,  (9, 19) , 
(10, 20) ,  (9, 18) ,  (9, 16) ,  (8, 19) ,  (9, 19) ,  (9, 20) ,  (9, 19) ,  (9, 19) , 
(7, 16) ,  (7, 14) ,  (7, 16) ,  (7, 18) ,  (6, 17) ,  (6, 17) ,  (7, 17) ,  (7, 15) , 
(8, 14) ,  (8, 18) ,  (7, 17) ,  (6, 18) ,  (6, 17) ,  (7, 17) ,  (8, 16) ,  (8, 14) , 
(8, 18) ,  (8, 19) ,  (8, 18) ,  (8, 18) ,  (8, 18) ,  (8, 16) ,  (8, 13) ,  (7, 17) , 
(7, 17) ,  (6, 16) ,  (6, 16) ,  (7, 16) ,  (7, 14) ,  (6, 13) ,  (6, 16) ,  (7, 16) , 
(7, 16) ,  (6, 15) ,  (6, 16) ,  (7, 14) ,  (7, 13) ,  (7, 16) ,  (6, 16) ,  (6, 16) , 
(6, 16) ,  (7, 16) ,  (6, 14) ,  (6, 13) ,  (7, 16) ,  (6, 16) ,  (6, 15) ,  (5, 15) , 
(5, 15) ,  (6, 13) ,  (7, 11) ,  (7, 15) ,  (8, 16) ,  (8, 16) ,  (7, 15) ,  (6, 14) , 
(6, 12) ,  (7, 11) ,  (7, 14) ,  (5, 14) ,  (4, 15) ,  (5, 14) ,  (6, 13) ,  (6, 11) , 
(7, 10) ,  (7, 11) ,  (6, 14) ,  (7, 14) ,  (7, 15) ,  (7, 14) ,  (7, 12) ,  (6, 11) , 
(5, 14) ,  (6, 14) ,  (6, 15) ,  (6, 14) ,  (5, 14) ,  (4, 11) ,  (4, 11) ,  (5, 14) , 
(6, 15) ,  (6, 15) ,  (6, 14) ,  (4, 13) ,  (4, 11) ,  (4, 10) ,  (4, 13) ,  (4, 14) , 
(8, 17) ,  (8, 18) ,  (8, 17) ,  (5, 14) ,  (6, 11) ,  (7, 16) ,  (7, 17) ,  (7, 17) , 
(5, 16) ,  (6, 15) ,  (7, 13) ,  (7, 13) ,  (8, 13) ,  (8, 17) ,  (8, 18) ,  (9, 18) , 
(9, 18) ,  (8, 15) ,  (7, 14) ,  (8, 17) ,  (8, 18) ,  (9, 18) ,  (9, 20) ,  (9, 20) , 
(8, 17) ,  (8, 15) ,  (8, 19) ,  (7, 17) ,  (7, 17) ,  (8, 18) ,  (8, 18) ,  (8, 15) , 
(8, 15) ,  (8, 19) ,  (9, 20) ,  (9, 19) ,  (7, 18) ,  (7, 18) ,  (7, 16) ,  (7, 14) , 
(8, 16) ,  (9, 15) ,  (9, 19) ,  (10, 19) ,  (8, 18) ,  (8, 16) ,  (8, 14) ,  (9, 19) , 
(9, 19) ,  (10, 19) ,  (9, 19) ,  (10, 19) ,  (9, 18) ,  (9, 17) ,  (9, 19) ,  (9, 20) , 
(8, 19) ,  (7, 18) ,  (7, 17) ,  (7, 14) ,  (8, 13) ,  (8, 17) ,  (9, 18) ,  (9, 20) , 
(9, 21) ,  (10, 21) ,  (10, 18) ,  (10, 17) ,  (10, 21) ,  (10, 21) ,  (10, 20) ,  (10, 20) , 
(9, 20) ,  (9, 18) ,  (9, 17) ,  (9, 20) ,  ]

Apriori algorithm:
min_support:  0.05

frequent item set:
[6] , [7] , [8] , [9] , [10] , [13] , [14] , [15] , [16] , [17] , [18] , [19] , [20] , [7, 14] , [7, 16] , [7, 17] , [8, 18] , [9, 19] , [9, 20] , 

[items],  [ordered_statistics],																			support
[6] , [{u'items_add': [6], u'confidence': 0.16326530612244897, u'lift': 1.0, u'items_base': []}] , 0.163265306122
[7] , [{u'items_add': [7], u'confidence': 0.24489795918367346, u'lift': 1.0, u'items_base': []}] , 0.244897959184
[8] , [{u'items_add': [8], u'confidence': 0.22959183673469388, u'lift': 1.0, u'items_base': []}] , 0.229591836735
[9] , [{u'items_add': [9], u'confidence': 0.2193877551020408, u'lift': 1.0, u'items_base': []}] , 0.219387755102
[10] , [{u'items_add': [10], u'confidence': 0.07142857142857142, u'lift': 1.0, u'items_base': []}] , 0.0714285714286
[13] , [{u'items_add': [13], u'confidence': 0.0663265306122449, u'lift': 1.0, u'items_base': []}] , 0.0663265306122
[14] , [{u'items_add': [14], u'confidence': 0.1326530612244898, u'lift': 1.0, u'items_base': []}] , 0.132653061224
[15] , [{u'items_add': [15], u'confidence': 0.10204081632653061, u'lift': 1.0, u'items_base': []}] , 0.102040816327
[16] , [{u'items_add': [16], u'confidence': 0.15816326530612246, u'lift': 1.0, u'items_base': []}] , 0.158163265306
[17] , [{u'items_add': [17], u'confidence': 0.1326530612244898, u'lift': 1.0, u'items_base': []}] , 0.132653061224
[18] , [{u'items_add': [18], u'confidence': 0.1377551020408163, u'lift': 1.0, u'items_base': []}] , 0.137755102041
[19] , [{u'items_add': [19], u'confidence': 0.10714285714285714, u'lift': 1.0, u'items_base': []}] , 0.107142857143
[20] , [{u'items_add': [20], u'confidence': 0.0663265306122449, u'lift': 1.0, u'items_base': []}] , 0.0663265306122
[7, 14] , [{u'items_add': [14], u'confidence': 0.20833333333333334, u'lift': 1.5705128205128205, u'items_base': [7]}, {u'items_add': [7], u'confidence': 0.3846153846153846, u'lift': 1.5705128205128205, u'items_base': [14]}] , 0.0510204081633
[7, 16] , [{u'items_add': [16], u'confidence': 0.22916666666666669, u'lift': 1.4489247311827957, u'items_base': [7]}, {u'items_add': [7], u'confidence': 0.3548387096774193, u'lift': 1.4489247311827955, u'items_base': [16]}] , 0.0561224489796
[7, 17] , [{u'items_add': [17], u'confidence': 0.20833333333333334, u'lift': 1.5705128205128205, u'items_base': [7]}, {u'items_add': [7], u'confidence': 0.3846153846153846, u'lift': 1.5705128205128205, u'items_base': [17]}] , 0.0510204081633
[8, 18] , [{u'items_add': [18], u'confidence': 0.26666666666666666, u'lift': 1.9358024691358027, u'items_base': [8]}, {u'items_add': [8], u'confidence': 0.4444444444444445, u'lift': 1.9358024691358025, u'items_base': [18]}] , 0.0612244897959
[9, 19] , [{u'items_add': [19], u'confidence': 0.3023255813953489, u'lift': 2.8217054263565897, u'items_base': [9]}, {u'items_add': [9], u'confidence': 0.6190476190476191, u'lift': 2.8217054263565893, u'items_base': [19]}] , 0.0663265306122
[9, 20] , [{u'items_add': [20], u'confidence': 0.23255813953488375, u'lift': 3.5062611806797856, u'items_base': [9]}, {u'items_add': [9], u'confidence': 0.7692307692307692, u'lift': 3.506261180679785, u'items_base': [20]}] , 0.0510204081633

Rules:
[7] -> [14] , confidence: 0.208333333333 , support: 0.0510204081633
[14] -> [7] , confidence: 0.384615384615 , support: 0.0510204081633
[7] -> [16] , confidence: 0.229166666667 , support: 0.0561224489796
[16] -> [7] , confidence: 0.354838709677 , support: 0.0561224489796
[7] -> [17] , confidence: 0.208333333333 , support: 0.0510204081633
[17] -> [7] , confidence: 0.384615384615 , support: 0.0510204081633
[8] -> [18] , confidence: 0.266666666667 , support: 0.0612244897959
[18] -> [8] , confidence: 0.444444444444 , support: 0.0612244897959
[9] -> [19] , confidence: 0.302325581395 , support: 0.0663265306122
[19] -> [9] , confidence: 0.619047619048 , support: 0.0663265306122
[9] -> [20] , confidence: 0.232558139535 , support: 0.0510204081633
[20] -> [9] , confidence: 0.769230769231 , support: 0.0510204081633
