Location: Taipei
discretization:
	temperature: 3
	power: 50
temperature unique data length:  7 , min value: 12 , max value: 30
powerSupply unique data length:  12 , min value: 500 , max value: 1050
powerUsage unique data length:  11 , min value: 6500 , max value: 11500


transactions length:  196
transactions: 
[
[24, 500] ,  [27, 650] ,  [27, 850] ,  [27, 850] ,  [27, 800] ,  [27, 750] ,  [27, 1000] ,  [27, 1000] , 
[27, 950] ,  [27, 900] ,  [24, 900] ,  [24, 750] ,  [21, 600] ,  [21, 700] ,  [24, 800] ,  [21, 800] , 
[24, 850] ,  [24, 850] ,  [24, 800] ,  [27, 800] ,  [27, 950] ,  [27, 900] ,  [27, 950] ,  [27, 950] , 
[30, 1000] ,  [27, 900] ,  [27, 800] ,  [24, 950] ,  [27, 950] ,  [27, 1000] ,  [27, 950] ,  [27, 950] , 
[21, 800] ,  [21, 700] ,  [21, 800] ,  [21, 900] ,  [18, 850] ,  [18, 850] ,  [21, 850] ,  [21, 750] , 
[24, 700] ,  [24, 900] ,  [21, 850] ,  [18, 900] ,  [18, 850] ,  [21, 850] ,  [24, 800] ,  [24, 700] , 
[24, 900] ,  [24, 950] ,  [24, 900] ,  [24, 900] ,  [24, 900] ,  [24, 800] ,  [24, 650] ,  [21, 850] , 
[21, 850] ,  [18, 800] ,  [18, 800] ,  [21, 800] ,  [21, 700] ,  [18, 650] ,  [18, 800] ,  [21, 800] , 
[21, 800] ,  [18, 750] ,  [18, 800] ,  [21, 700] ,  [21, 650] ,  [21, 800] ,  [18, 800] ,  [18, 800] , 
[18, 800] ,  [21, 800] ,  [18, 700] ,  [18, 650] ,  [21, 800] ,  [18, 800] ,  [18, 750] ,  [15, 750] , 
[15, 750] ,  [18, 650] ,  [21, 550] ,  [21, 750] ,  [24, 800] ,  [24, 800] ,  [21, 750] ,  [18, 700] , 
[18, 600] ,  [21, 550] ,  [21, 700] ,  [15, 700] ,  [12, 750] ,  [15, 700] ,  [18, 650] ,  [18, 550] , 
[21, 500] ,  [21, 550] ,  [18, 700] ,  [21, 700] ,  [21, 750] ,  [21, 700] ,  [21, 600] ,  [18, 550] , 
[15, 700] ,  [18, 700] ,  [18, 750] ,  [18, 700] ,  [15, 700] ,  [12, 550] ,  [12, 550] ,  [15, 700] , 
[18, 750] ,  [18, 750] ,  [18, 700] ,  [12, 650] ,  [12, 550] ,  [12, 500] ,  [12, 650] ,  [12, 700] , 
[24, 850] ,  [24, 900] ,  [24, 850] ,  [15, 700] ,  [18, 550] ,  [21, 800] ,  [21, 850] ,  [21, 850] , 
[15, 800] ,  [18, 750] ,  [21, 650] ,  [21, 650] ,  [24, 650] ,  [24, 850] ,  [24, 900] ,  [27, 900] , 
[27, 900] ,  [24, 750] ,  [21, 700] ,  [24, 850] ,  [24, 900] ,  [27, 900] ,  [27, 1000] ,  [27, 1000] , 
[24, 850] ,  [24, 750] ,  [24, 950] ,  [21, 850] ,  [21, 850] ,  [24, 900] ,  [24, 900] ,  [24, 750] , 
[24, 750] ,  [24, 950] ,  [27, 1000] ,  [27, 950] ,  [21, 900] ,  [21, 900] ,  [21, 800] ,  [21, 700] , 
[24, 800] ,  [27, 750] ,  [27, 950] ,  [30, 950] ,  [24, 900] ,  [24, 800] ,  [24, 700] ,  [27, 950] , 
[27, 950] ,  [30, 950] ,  [27, 950] ,  [30, 950] ,  [27, 900] ,  [27, 850] ,  [27, 950] ,  [27, 1000] , 
[24, 950] ,  [21, 900] ,  [21, 850] ,  [21, 700] ,  [24, 650] ,  [24, 850] ,  [27, 900] ,  [27, 1000] , 
[27, 1050] ,  [30, 1050] ,  [30, 900] ,  [30, 850] ,  [30, 1050] ,  [30, 1050] ,  [30, 1000] ,  [30, 1000] , 
[27, 1000] ,  [27, 900] ,  [27, 850] ,  [27, 1000] ,  ]


Apriori algorithm:
min_support:  0.015
min_confidence:  0.1

Frequent item set:( size: 49 )
[ [12] , [15] , [18] , [21] , [24] , [27] , [30] , [500] , [550] , [600] , [650] , [700] , [750] , [800] , [850] , [900] , [950] , [1000] , [1050] , [12, 550] , [15, 700] , [18, 550] , [18, 650] , [18, 700] , [18, 750] , [18, 800] , [18, 850] , [21, 550] , [21, 650] , [21, 700] , [21, 750] , [21, 800] , [21, 850] , [21, 900] , [24, 650] , [24, 700] , [24, 750] , [24, 800] , [24, 850] , [24, 900] , [24, 950] , [27, 800] , [27, 850] , [27, 900] , [27, 950] , [27, 1000] , [30, 950] , [30, 1000] , [30, 1050] , ]

Rules:
[12] -> [550] , confidence: 0.375 support: 0.015306122449
[550] -> [12] , confidence: 0.333333333333 support: 0.015306122449
[15] -> [700] , confidence: 0.666666666667 support: 0.030612244898
[700] -> [15] , confidence: 0.230769230769 support: 0.030612244898
[550] -> [18] , confidence: 0.333333333333 support: 0.015306122449
[18] -> [650] , confidence: 0.125 support: 0.0204081632653
[650] -> [18] , confidence: 0.307692307692 support: 0.0204081632653
[18] -> [700] , confidence: 0.1875 support: 0.030612244898
[700] -> [18] , confidence: 0.230769230769 support: 0.030612244898
[18] -> [750] , confidence: 0.1875 support: 0.030612244898
[750] -> [18] , confidence: 0.3 support: 0.030612244898
[18] -> [800] , confidence: 0.25 support: 0.0408163265306
[800] -> [18] , confidence: 0.258064516129 support: 0.0408163265306
[850] -> [18] , confidence: 0.115384615385 support: 0.015306122449
[550] -> [21] , confidence: 0.333333333333 support: 0.015306122449
[650] -> [21] , confidence: 0.230769230769 support: 0.015306122449
[21] -> [700] , confidence: 0.208333333333 support: 0.0510204081633
[700] -> [21] , confidence: 0.384615384615 support: 0.0510204081633
[750] -> [21] , confidence: 0.2 support: 0.0204081632653
[21] -> [800] , confidence: 0.229166666667 support: 0.0561224489796
[800] -> [21] , confidence: 0.354838709677 support: 0.0561224489796
[21] -> [850] , confidence: 0.208333333333 support: 0.0510204081633
[850] -> [21] , confidence: 0.384615384615 support: 0.0510204081633
[900] -> [21] , confidence: 0.148148148148 support: 0.0204081632653
[650] -> [24] , confidence: 0.230769230769 support: 0.015306122449
[700] -> [24] , confidence: 0.115384615385 support: 0.015306122449
[24] -> [750] , confidence: 0.111111111111 support: 0.0255102040816
[750] -> [24] , confidence: 0.25 support: 0.0255102040816
[24] -> [800] , confidence: 0.177777777778 support: 0.0408163265306
[800] -> [24] , confidence: 0.258064516129 support: 0.0408163265306
[24] -> [850] , confidence: 0.177777777778 support: 0.0408163265306
[850] -> [24] , confidence: 0.307692307692 support: 0.0408163265306
[24] -> [900] , confidence: 0.266666666667 support: 0.0612244897959
[900] -> [24] , confidence: 0.444444444444 support: 0.0612244897959
[24] -> [950] , confidence: 0.111111111111 support: 0.0255102040816
[950] -> [24] , confidence: 0.238095238095 support: 0.0255102040816
[850] -> [27] , confidence: 0.153846153846 support: 0.0204081632653
[27] -> [900] , confidence: 0.209302325581 support: 0.0459183673469
[900] -> [27] , confidence: 0.333333333333 support: 0.0459183673469
[27] -> [950] , confidence: 0.302325581395 support: 0.0663265306122
[950] -> [27] , confidence: 0.619047619048 support: 0.0663265306122
[27] -> [1000] , confidence: 0.232558139535 support: 0.0510204081633
[1000] -> [27] , confidence: 0.769230769231 support: 0.0510204081633
[30] -> [950] , confidence: 0.272727272727 support: 0.015306122449
[950] -> [30] , confidence: 0.142857142857 support: 0.015306122449
[30] -> [1000] , confidence: 0.272727272727 support: 0.015306122449
[1000] -> [30] , confidence: 0.230769230769 support: 0.015306122449
[30] -> [1050] , confidence: 0.272727272727 support: 0.015306122449
[1050] -> [30] , confidence: 0.75 support: 0.015306122449


Pymining algorithm:
Frequent item set:( size: 49 )
[ 21 , 750 , ],  [ 24 , 650 , ],  [ 550 , ],  [ 18 , ],  [ 1050 , 30 , ],  [ 650 , 21 , ],  [ 24 , 750 , ],  [ 18 , 700 , ],  [ 21 , ],  [ 1050 , ],  [ 850 , 21 , ],  [ 800 , 18 , ],  [ 850 , 18 , ],  [ 500 , ],  [ 650 , ],  [ 24 , 700 , ],  [ 850 , ],  [ 24 , 900 , ],  [ 1000 , ],  [ 750 , ],  [ 700 , 15 , ],  [ 30 , 950 , ],  [ 950 , ],  [ 21 , 550 , ],  [ 600 , ],  [ 27 , 950 , ],  [ 30 , ],  [ 800 , ],  [ 15 , ],  [ 700 , ],  [ 850 , 27 , ],  [ 24 , 850 , ],  [ 1000 , 27 , ],  [ 900 , ],  [ 24 , 950 , ],  [ 27 , 900 , ],  [ 18 , 550 , ],  [ 800 , 24 , ],  [ 800 , 27 , ],  [ 18 , 650 , ],  [ 700 , 21 , ],  [ 12 , 550 , ],  [ 900 , 21 , ],  [ 1000 , 30 , ],  [ 18 , 750 , ],  [ 12 , ],  [ 800 , 21 , ],  [ 27 , ],  [ 24 , ],  

Rules:
[ 750 -> 21 ], confidence: 0.2 , support: 0.0204081632653
[ 650 -> 24 ], confidence: 0.230769230769 , support: 0.015306122449
[ 30 -> 1050 ], confidence: 0.272727272727 , support: 0.015306122449
[ 1050 -> 30 ], confidence: 0.75 , support: 0.015306122449
[ 650 -> 21 ], confidence: 0.230769230769 , support: 0.015306122449
[ 750 -> 24 ], confidence: 0.25 , support: 0.0255102040816
[ 24 -> 750 ], confidence: 0.111111111111 , support: 0.0255102040816
[ 700 -> 18 ], confidence: 0.230769230769 , support: 0.030612244898
[ 18 -> 700 ], confidence: 0.1875 , support: 0.030612244898
[ 21 -> 850 ], confidence: 0.208333333333 , support: 0.0510204081633
[ 850 -> 21 ], confidence: 0.384615384615 , support: 0.0510204081633
[ 18 -> 800 ], confidence: 0.25 , support: 0.0408163265306
[ 800 -> 18 ], confidence: 0.258064516129 , support: 0.0408163265306
[ 850 -> 18 ], confidence: 0.115384615385 , support: 0.015306122449
[ 700 -> 24 ], confidence: 0.115384615385 , support: 0.015306122449
[ 900 -> 24 ], confidence: 0.444444444444 , support: 0.0612244897959
[ 24 -> 900 ], confidence: 0.266666666667 , support: 0.0612244897959
[ 15 -> 700 ], confidence: 0.666666666667 , support: 0.030612244898
[ 700 -> 15 ], confidence: 0.230769230769 , support: 0.030612244898
[ 950 -> 30 ], confidence: 0.142857142857 , support: 0.015306122449
[ 30 -> 950 ], confidence: 0.272727272727 , support: 0.015306122449
[ 550 -> 21 ], confidence: 0.333333333333 , support: 0.015306122449
[ 950 -> 27 ], confidence: 0.619047619048 , support: 0.0663265306122
[ 27 -> 950 ], confidence: 0.302325581395 , support: 0.0663265306122
[ 850 -> 27 ], confidence: 0.153846153846 , support: 0.0204081632653
[ 850 -> 24 ], confidence: 0.307692307692 , support: 0.0408163265306
[ 24 -> 850 ], confidence: 0.177777777778 , support: 0.0408163265306
[ 27 -> 1000 ], confidence: 0.232558139535 , support: 0.0510204081633
[ 1000 -> 27 ], confidence: 0.769230769231 , support: 0.0510204081633
[ 950 -> 24 ], confidence: 0.238095238095 , support: 0.0255102040816
[ 24 -> 950 ], confidence: 0.111111111111 , support: 0.0255102040816
[ 900 -> 27 ], confidence: 0.333333333333 , support: 0.0459183673469
[ 27 -> 900 ], confidence: 0.209302325581 , support: 0.0459183673469
[ 550 -> 18 ], confidence: 0.333333333333 , support: 0.015306122449
[ 24 -> 800 ], confidence: 0.177777777778 , support: 0.0408163265306
[ 800 -> 24 ], confidence: 0.258064516129 , support: 0.0408163265306
[ 650 -> 18 ], confidence: 0.307692307692 , support: 0.0204081632653
[ 18 -> 650 ], confidence: 0.125 , support: 0.0204081632653
[ 21 -> 700 ], confidence: 0.208333333333 , support: 0.0510204081633
[ 700 -> 21 ], confidence: 0.384615384615 , support: 0.0510204081633
[ 550 -> 12 ], confidence: 0.333333333333 , support: 0.015306122449
[ 12 -> 550 ], confidence: 0.375 , support: 0.015306122449
[ 900 -> 21 ], confidence: 0.148148148148 , support: 0.0204081632653
[ 30 -> 1000 ], confidence: 0.272727272727 , support: 0.015306122449
[ 1000 -> 30 ], confidence: 0.230769230769 , support: 0.015306122449
[ 750 -> 18 ], confidence: 0.3 , support: 0.030612244898
[ 18 -> 750 ], confidence: 0.1875 , support: 0.030612244898
[ 21 -> 800 ], confidence: 0.229166666667 , support: 0.0561224489796
[ 800 -> 21 ], confidence: 0.354838709677 , support: 0.0561224489796
