Location: Taipei
temperature unique data length:  7
powerUsage unique data length:  11

transactions length:  196
transactions:
[
	(8, 14), (9, 17), (9, 19), (9, 21), (9, 18), (9, 19), (9, 21), (9, 21),
	(9, 21), (9, 21), (8, 20), (8, 18), (7, 15), (7, 16), (8, 19), (7, 19),
	(8, 18), (8, 19), (8, 17), (9, 17), (9, 20), (9, 20), (9, 21), (9, 21),
	(10, 21), (9, 19), (9, 17), (8, 20), (9, 20), (9, 21), (9, 21), (9, 20),
	(7, 16), (7, 14), (7, 16), (7, 17), (6, 17), (6, 17), (7, 17), (7, 15),
	(8, 15), (8, 18), (7, 18), (6, 17), (6, 17), (7, 16), (8, 15), (8, 15),
	(8, 18), (8, 19), (8, 18), (8, 18), (8, 18), (8, 16), (8, 15), (7, 18),
	(7, 18), (6, 17), (6, 17), (7, 17), (7, 15), (6, 14), (6, 16), (7, 17),
	(7, 17), (6, 17), (6, 17), (7, 15), (7, 15), (7, 17), (6, 17), (6, 17),
	(6, 17), (7, 17), (6, 15), (6, 14), (7, 17), (6, 17), (6, 17), (5, 17),
	(5, 16), (6, 15), (7, 14), (7, 17), (8, 18), (8, 18), (7, 17), (6, 17),
	(6, 15), (7, 14), (7, 16), (5, 17), (4, 17), (5, 16), (6, 16), (6, 14), 
	(7, 13), (7, 15), (6, 17), (7, 18), (7, 18), (7, 17), (7, 16), (6, 14), 
	(5, 17), (6, 17), (6, 17), (6, 17), (5, 17), (4, 15), (4, 14), (5, 17), 
	(6, 17), (6, 17), (6, 17), (4, 17), (4, 15), (4, 14), (4, 17), (4, 18), 
	(8, 17), (8, 19), (8, 19), (5, 15), (6, 14), (7, 17), (7, 18), (7, 18), 
	(5, 17), (6, 17), (7, 15), (7, 14), (8, 15), (8, 18), (8, 19), (9, 19), 
	(9, 19), (8, 16), (7, 15), (8, 19), (8, 19), (9, 20), (9, 20), (9, 20), 
	(8, 17), (8, 16), (8, 19), (7, 18), (7, 18), (8, 19), (8, 19), (8, 15), 
	(8, 16), (8, 19), (9, 20), (9, 20), (7, 18), (7, 18), (7, 15), (7, 15), 
	(8, 16), (9, 16), (9, 20), (10, 21), (8, 20), (8, 18), (8, 16), (9, 20), 
	(9, 21), (10, 22), (9, 22), (10, 22), (9, 20), (9, 18), (9, 21), (9, 22), 
	(8, 20), (7, 19), (7, 19), (7, 17), (8, 16), (8, 19), (9, 20), (9, 21), 
	(9, 22), (10, 22), (10, 20), (10, 19), (10, 23), (10, 23), (10, 23), 
	(10, 23), (9, 22), (9, 19), (9, 19), (9, 22)
]

[items],  [ordered_statistics],																			support
[6],	  [{u'items_add': [6], u'confidence': 0.16326530612244897, u'lift': 1.0, u'items_base': []}],   0.163265306122
[7],	  [{u'items_add': [7], u'confidence': 0.24489795918367346, u'lift': 1.0, u'items_base': []}],   0.244897959184
[8],	  [{u'items_add': [8], u'confidence': 0.22959183673469388, u'lift': 1.0, u'items_base': []}],   0.229591836735
[9],	  [{u'items_add': [9], u'confidence': 0.2193877551020408, u'lift': 1.0, u'items_base': []}],    0.219387755102
[15],	  [{u'items_add': [15], u'confidence': 0.11224489795918367, u'lift': 1.0, u'items_base': []}],  0.112244897959
[17],	  [{u'items_add': [17], u'confidence': 0.25510204081632654, u'lift': 1.0, u'items_base': []}],  0.255102040816
[18],	  [{u'items_add': [18], u'confidence': 0.12755102040816327, u'lift': 1.0, u'items_base': []}],  0.127551020408
[19],	  [{u'items_add': [19], u'confidence': 0.12244897959183673, u'lift': 1.0, u'items_base': []}],  0.122448979592
[6, 17] , [{u'items_add': [17], u'confidence': 0.6875, u'lift': 2.695, u'items_base': [6]},
		   {u'items_add': [6], u'confidence': 0.44, u'lift': 2.6950000000000003, u'items_base': [17]}], 0.112244897959
